3 0 3 2021/7/25/14:27:24
0 1 6 2021/7/25/14:27:26
2 1 2 2021/7/25/14:27:26
4 1 5 2021/7/25/14:27:26
1 4 2 2021/7/25/14:27:30
5 6 3 2021/7/25/14:27:33
0 4 3 2021/7/25/14:27:37
2 0 3 2021/7/25/14:27:44
1 1 5 2021/7/25/14:27:47
0 3 2 2021/7/25/14:27:51
2 2 3 2021/7/25/14:27:57
1 0 2 2021/7/25/14:29:11
3 3 1 2021/7/25/14:29:15
1 4 6 2021/7/25/14:29:19
0 5 0 2021/7/25/14:29:21
5 5 2 2021/7/25/14:29:21
2 6 3 2021/7/25/14:29:22
4 6 3 2021/7/25/14:29:22
2 0 5 2021/7/25/14:29:32
1 6 5 2021/7/25/14:29:39
2 1 0 2021/7/25/14:30:40
5 1 3 2021/7/25/14:30:40
1 3 4 2021/7/25/14:30:42
4 4 6 2021/7/25/14:30:44
0 6 4 2021/7/25/14:30:47
3 6 2 2021/7/25/14:30:47
1 5 1 2021/7/25/14:30:50
0 1 3 2021/7/25/14:30:57
1 5 3 2021/7/25/14:31:6
0 5 6 2021/7/25/15:18:3
5 5 2 2021/7/25/15:18:3
1 6 0 2021/7/25/15:18:5
2 6 4 2021/7/25/15:18:5
3 6 4 2021/7/25/15:18:5
4 6 5 2021/7/25/15:18:5
0 2 0 2021/7/25/15:18:12
2 3 0 2021/7/25/15:18:18
1 1 6 2021/7/25/15:18:26
0 0 6 2021/7/25/15:18:30
0 0 3 2021/7/25/15:20:26
4 0 2 2021/7/25/15:20:26
3 1 0 2021/7/25/15:20:28
5 2 3 2021/7/25/15:20:30
2 4 0 2021/7/25/15:20:33
1 6 4 2021/7/25/15:20:36
0 1 3 2021/7/25/15:20:43
1 4 0 2021/7/25/15:20:50
2 1 0 2021/7/25/15:20:58
0 0 4 2021/7/25/15:21:2
1 2 5 2021/7/25/15:29:0
3 2 4 2021/7/25/15:29:0
0 3 2 2021/7/25/15:29:2
2 3 4 2021/7/25/15:29:2
4 3 4 2021/7/25/15:29:2
5 6 4 2021/7/25/15:29:7
2 1 4 2021/7/25/15:29:14
0 1 6 2021/7/25/15:29:17
1 6 0 2021/7/25/15:29:23
2 4 3 2021/7/25/15:29:27
5 0 5 2021/7/25/15:47:19
4 1 2 2021/7/25/15:47:21
0 2 3 2021/7/25/15:47:23
1 2 0 2021/7/25/15:47:23
2 2 6 2021/7/25/15:47:23
3 3 6 2021/7/25/15:47:25
0 1 0 2021/7/25/15:47:35
2 5 3 2021/7/25/15:47:42
1 6 2 2021/7/25/15:47:45
0 0 2 2021/7/25/15:47:53
2 1 5 2021/7/25/15:47:56
0 1 2 2021/7/25/15:48:16
5 1 3 2021/7/25/15:48:20
9 1 2 2021/7/25/15:48:22
11 1 3 2021/7/25/15:48:23
12 1 4 2021/7/25/15:48:30
10 2 3 2021/7/25/15:48:35
4 3 4 2021/7/25/15:48:39
1 4 6 2021/7/25/15:48:45
2 5 4 2021/7/25/15:48:49
6 5 3 2021/7/25/15:48:50
7 5 4 2021/7/25/15:48:52
3 6 0 2021/7/25/15:48:56
8 6 0 2021/7/25/15:48:57
3 0 5 2021/7/25/15:49:25
15 0 5 2021/7/25/15:49:25
0 1 2 2021/7/25/15:49:27
2 1 5 2021/7/25/15:49:27
4 1 6 2021/7/25/15:49:27
9 1 4 2021/7/25/15:49:27
11 1 6 2021/7/25/15:49:27
1 2 5 2021/7/25/15:49:29
14 2 6 2021/7/25/15:49:29
7 3 5 2021/7/25/15:49:30
12 3 2 2021/7/25/15:49:30
19 3 4 2021/7/25/15:49:30
5 4 0 2021/7/25/15:49:32
18 4 5 2021/7/25/15:49:32
6 5 3 2021/7/25/15:49:34
10 5 2 2021/7/25/15:49:34
16 5 6 2021/7/25/15:49:34
8 6 3 2021/7/25/15:49:36
13 6 4 2021/7/25/15:49:36
17 6 4 2021/7/25/15:49:36
4 2 5 2021/7/27/12:50:28
0 3 2 2021/7/27/12:50:30
2 3 6 2021/7/27/12:50:30
1 4 0 2021/7/27/12:50:32
3 4 2 2021/7/27/12:50:32
5 6 3 2021/7/27/12:50:35
0 2 3 2021/7/27/12:50:46
1 2 6 2021/7/27/12:50:47
2 4 6 2021/7/27/12:50:52
12 0 4 2021/7/27/12:51:5
14 0 3 2021/7/27/12:51:5
1 1 0 2021/7/27/12:51:7
5 1 6 2021/7/27/12:51:7
13 1 5 2021/7/27/12:51:7
19 1 0 2021/7/27/12:51:7
0 2 0 2021/7/27/12:51:9
11 2 3 2021/7/27/12:51:9
16 2 5 2021/7/27/12:51:9
3 3 4 2021/7/27/12:51:11
7 3 1 2021/7/27/12:51:11
18 3 2 2021/7/27/12:51:11
4 5 1 2021/7/27/12:51:14
6 5 3 2021/7/27/12:51:14
8 5 0 2021/7/27/12:51:14
9 5 1 2021/7/27/12:51:14
10 5 0 2021/7/27/12:51:14
2 6 0 2021/7/27/12:51:16
15 6 4 2021/7/27/12:51:16
17 6 3 2021/7/27/12:51:16
12 0 2 2021/7/27/12:51:34
2 1 0 2021/7/27/12:51:36
4 1 3 2021/7/27/12:51:36
8 1 4 2021/7/27/12:51:36
7 2 4 2021/7/27/12:51:38
11 3 0 2021/7/27/12:51:39
0 4 5 2021/7/27/12:51:41
3 4 3 2021/7/27/12:51:41
9 4 6 2021/7/27/12:51:41
1 5 4 2021/7/27/12:51:43
6 5 6 2021/7/27/12:51:43
5 6 5 2021/7/27/12:51:45
10 6 2 2021/7/27/12:51:45
5 0 1 2021/7/27/12:52:4
7 1 3 2021/7/27/12:52:7
0 3 0 2021/7/27/12:52:11
1 3 0 2021/7/27/12:52:12
8 4 0 2021/7/27/12:52:17
9 4 1 2021/7/27/12:52:18
11 4 6 2021/7/27/12:52:21
12 4 1 2021/7/27/12:52:24
2 5 0 2021/7/27/12:52:27
6 5 6 2021/7/27/12:52:29
3 6 0 2021/7/27/12:52:33
4 6 1 2021/7/27/12:52:34
10 6 1 2021/7/27/12:52:35
3 0 3 2021/7/27/13:34:25
1 1 0 2021/7/27/13:39:24
0 3 6 2021/7/27/13:39:26
5 3 6 2021/7/27/13:39:26
2 4 0 2021/7/27/13:39:28
3 5 3 2021/7/27/13:39:30
4 6 3 2021/7/27/13:39:32
0 2 3 2021/7/27/13:39:38
2 1 5 2021/7/27/13:39:47
5 0 2 2021/7/27/13:53:32
6 3 0 2021/7/27/13:53:38
0 4 0 2021/7/27/13:53:43
2 4 1 2021/7/27/13:53:44
3 4 2 2021/7/27/13:53:46
1 5 3 2021/7/27/13:53:49
7 5 4 2021/7/27/13:53:53
8 5 0 2021/7/27/13:53:54
4 6 0 2021/7/27/13:53:57
9 6 1 2021/7/27/13:53:59
10 6 3 2021/7/27/13:54:0
11 6 1 2021/7/27/13:54:2
12 6 0 2021/7/27/13:54:3
3 1 0 2021/7/27/14:14:48
6 1 2 2021/7/27/14:14:53
11 1 5 2021/7/27/14:14:55
2 2 5 2021/7/27/14:14:58
9 2 6 2021/7/27/14:15:0
7 4 0 2021/7/27/14:15:4
8 4 0 2021/7/27/14:15:6
0 0 2 2021/7/27/14:15:46
6 0 5 2021/7/27/14:15:50
8 2 6 2021/7/27/14:15:54
2 3 0 2021/7/27/14:16:6
7 3 0 2021/7/27/14:16:7
12 3 0 2021/7/27/14:16:8
5 4 3 2021/7/27/14:16:12
9 4 0 2021/7/27/14:16:13
1 5 0 2021/7/27/14:16:16
3 5 0 2021/7/27/14:16:17
10 5 0 2021/7/27/14:16:18
11 5 0 2021/7/27/14:16:19
4 6 0 2021/7/27/14:16:22
4 0 1 2021/7/27/14:16:42
5 0 5 2021/7/27/14:16:42
0 1 3 2021/7/27/14:16:44
3 1 4 2021/7/27/14:16:44
1 2 5 2021/7/27/14:16:46
2 4 3 2021/7/27/14:16:49
1 0 1 2021/7/27/14:16:58
2 1 2 2021/7/27/14:17:2
0 6 1 2021/7/27/14:17:10
2 0 0 2021/7/27/14:19:11
4 0 0 2021/7/27/14:19:12
1 0 0 2021/7/27/14:19:43
5 0 0 2021/7/27/14:19:45
11 0 0 2021/7/27/14:19:46
2 0 1 2021/7/27/14:20:20
10 0 3 2021/7/27/14:20:24
12 0 4 2021/7/27/14:20:25
3 1 5 2021/7/27/14:20:29
6 1 6 2021/7/27/14:20:31
8 2 4 2021/7/27/14:20:42
9 2 6 2021/7/27/14:20:43
11 2 6 2021/7/27/14:20:44
7 3 6 2021/7/27/14:20:47
1 4 6 2021/7/27/14:20:51
5 4 6 2021/7/27/14:20:52
0 5 6 2021/7/27/14:20:56
4 5 6 2021/7/27/14:20:57
6 0 6 2021/7/27/14:21:22
9 0 6 2021/7/27/14:21:23
1 1 6 2021/7/27/14:21:26
0 2 6 2021/7/27/14:21:29
5 2 6 2021/7/27/14:21:30
2 3 6 2021/7/27/14:21:33
3 4 6 2021/7/27/14:21:36
12 4 6 2021/7/27/14:21:37
7 5 6 2021/7/27/14:21:40
8 5 6 2021/7/27/14:21:41
4 6 5 2021/7/27/14:21:46
10 6 5 2021/7/27/14:21:48
11 6 5 2021/7/27/14:21:49
2 0 3 2021/7/27/14:22:17
5 0 3 2021/7/27/14:22:23
9 0 6 2021/7/27/14:22:24
4 2 6 2021/7/27/14:22:37
3 3 6 2021/7/27/14:22:40
7 3 6 2021/7/27/14:22:41
10 3 4 2021/7/27/14:22:43
12 3 6 2021/7/27/14:22:44
8 4 6 2021/7/27/14:22:48
1 5 6 2021/7/27/14:22:51
6 5 6 2021/7/27/14:22:52
0 6 5 2021/7/27/14:22:55
11 6 5 2021/7/27/14:22:56
0 0 1 2021/7/27/14:23:16
2 0 1 2021/7/27/14:23:16
5 1 0 2021/7/27/14:23:18
3 4 1 2021/7/27/14:23:21
0 5 4 2021/7/27/14:23:25
1 6 0 2021/7/27/14:23:26
4 6 2 2021/7/27/14:23:26
2 2 6 2021/7/27/14:23:33
1 3 1 2021/7/27/14:23:42
7 0 6 2021/7/27/14:24:18
12 0 6 2021/7/27/14:24:20
0 1 4 2021/7/27/14:24:24
9 1 4 2021/7/27/14:24:25
10 1 6 2021/7/27/14:24:27
1 2 6 2021/7/27/14:24:30
3 2 6 2021/7/27/14:24:31
2 3 6 2021/7/27/14:24:40
5 3 6 2021/7/27/14:24:42
6 3 6 2021/7/27/14:24:44
4 4 5 2021/7/27/14:24:47
8 4 5 2021/7/27/14:24:49
11 5 6 2021/7/27/14:24:56
2 1 2 2021/7/27/14:25:19
4 3 5 2021/7/27/14:25:23
5 3 2 2021/7/27/14:25:23
0 4 6 2021/7/27/14:25:25
3 4 1 2021/7/27/14:25:25
1 6 0 2021/7/27/14:25:28
2 0 3 2021/7/27/14:25:37
1 5 2 2021/7/27/14:25:44
0 6 2 2021/7/27/14:25:48
2 0 4 2021/7/27/14:25:56
